{
 "cells": [
  {
   "cell_type": "code",
   "execution_count": 46,
   "id": "49af736b",
   "metadata": {},
   "outputs": [],
   "source": [
    "import pandas as pd\n",
    "import numpy as np\n",
    "import matplotlib.pyplot as plt\n",
    "import dataframe_image as dfi\n",
    "from datetime import datetime\n",
    "import itertools\n",
    "import os\n",
    "os.environ['USE_PYGEOS'] = '0'\n",
    "import geopandas as gpd\n",
    "import xarray as xr\n",
    "import regionmask\n",
    "import statsmodels.api as sm\n",
    "import statsmodels.formula.api as smf\n",
    "from patsy import dmatrices\n",
    "from collections import OrderedDict\n",
    "import sys\n",
    "from sklearn.preprocessing import MinMaxScaler"
   ]
  },
  {
   "cell_type": "markdown",
   "id": "d1fcc0bc",
   "metadata": {},
   "source": [
    "## DATA"
   ]
  },
  {
   "cell_type": "markdown",
   "id": "14c1ebf6",
   "metadata": {},
   "source": [
    "### Climate: UEA CRU TS4.07 (1901-2022)"
   ]
  },
  {
   "cell_type": "code",
   "execution_count": 47,
   "id": "2646f014",
   "metadata": {},
   "outputs": [],
   "source": [
    "file = r\"/home/sara/Documenti/GitHub/Climate-and-conflict/Datasets/cru_ts4.07.1901.2022.pre.dat.nc\"\n",
    "file2 = r\"/home/sara/Documenti/GitHub/Climate-and-conflict/Datasets/cru_ts4.07.1901.2022.tmx.dat.nc\"\n",
    "\n",
    "file_paths_list =[file,file2]\n",
    "monthly_forecast=xr.Dataset()\n",
    "\n",
    "for file in file_paths_list:\n",
    "        monthly_forecast = xr.merge([monthly_forecast,xr.open_mfdataset(file)], compat='override')"
   ]
  },
  {
   "cell_type": "markdown",
   "id": "5bb53f58",
   "metadata": {},
   "source": [
    "### Conflict events: ACLED"
   ]
  },
  {
   "cell_type": "code",
   "execution_count": 48,
   "id": "ffb3bda7",
   "metadata": {},
   "outputs": [],
   "source": [
    "file = r\"/home/sara/Documenti/GitHub/Climate-and-conflict/Datasets/ACLED_1997-01-01-2023-07-18_Somalia.csv\"\n",
    "df = pd.read_csv(file)"
   ]
  },
  {
   "cell_type": "markdown",
   "id": "a9f32fa7",
   "metadata": {},
   "source": [
    "### Administrative boundaries of Somalia"
   ]
  },
  {
   "cell_type": "code",
   "execution_count": 49,
   "id": "25cb8d8d",
   "metadata": {},
   "outputs": [],
   "source": [
    "path = r\"/home/sara/Documenti/GitHub/Climate-and-conflict/Datasets/som_adm_ocha_itos_20230308_shp/som_admbnda_adm1_ocha_20230308.shp\"\n",
    "states_gdf = gpd.read_file(path) "
   ]
  },
  {
   "cell_type": "code",
   "execution_count": 50,
   "id": "0b463bc2",
   "metadata": {},
   "outputs": [
    {
     "data": {
      "text/html": [
       "<div>\n",
       "<style scoped>\n",
       "    .dataframe tbody tr th:only-of-type {\n",
       "        vertical-align: middle;\n",
       "    }\n",
       "\n",
       "    .dataframe tbody tr th {\n",
       "        vertical-align: top;\n",
       "    }\n",
       "\n",
       "    .dataframe thead th {\n",
       "        text-align: right;\n",
       "    }\n",
       "</style>\n",
       "<table border=\"1\" class=\"dataframe\">\n",
       "  <thead>\n",
       "    <tr style=\"text-align: right;\">\n",
       "      <th></th>\n",
       "      <th>Awdal</th>\n",
       "      <th>Bakool</th>\n",
       "      <th>Banadir</th>\n",
       "      <th>Bari</th>\n",
       "      <th>Bay</th>\n",
       "      <th>Galgaduud</th>\n",
       "      <th>Gedo</th>\n",
       "      <th>Hiraan</th>\n",
       "      <th>Lower Juba</th>\n",
       "      <th>Lower Shabelle</th>\n",
       "      <th>Middle Juba</th>\n",
       "      <th>Middle Shabelle</th>\n",
       "      <th>Mudug</th>\n",
       "      <th>Nugaal</th>\n",
       "      <th>Sanaag</th>\n",
       "      <th>Sool</th>\n",
       "      <th>Togdheer</th>\n",
       "      <th>Woqooyi Galbeed</th>\n",
       "    </tr>\n",
       "  </thead>\n",
       "  <tbody>\n",
       "    <tr>\n",
       "      <th>0</th>\n",
       "      <td>0.000000</td>\n",
       "      <td>517.218397</td>\n",
       "      <td>711.218429</td>\n",
       "      <td>742.268579</td>\n",
       "      <td>640.923618</td>\n",
       "      <td>572.573763</td>\n",
       "      <td>647.779719</td>\n",
       "      <td>557.628353</td>\n",
       "      <td>877.622654</td>\n",
       "      <td>704.772589</td>\n",
       "      <td>767.888304</td>\n",
       "      <td>665.735780</td>\n",
       "      <td>623.026648</td>\n",
       "      <td>644.204898</td>\n",
       "      <td>479.077647</td>\n",
       "      <td>482.231520</td>\n",
       "      <td>285.842059</td>\n",
       "      <td>142.406810</td>\n",
       "    </tr>\n",
       "    <tr>\n",
       "      <th>1</th>\n",
       "      <td>517.218397</td>\n",
       "      <td>0.000000</td>\n",
       "      <td>230.459285</td>\n",
       "      <td>816.895990</td>\n",
       "      <td>132.307154</td>\n",
       "      <td>321.315006</td>\n",
       "      <td>243.673933</td>\n",
       "      <td>168.867628</td>\n",
       "      <td>412.725620</td>\n",
       "      <td>189.058684</td>\n",
       "      <td>288.603501</td>\n",
       "      <td>247.327023</td>\n",
       "      <td>496.059303</td>\n",
       "      <td>627.452326</td>\n",
       "      <td>629.170199</td>\n",
       "      <td>545.689072</td>\n",
       "      <td>434.529594</td>\n",
       "      <td>457.507691</td>\n",
       "    </tr>\n",
       "    <tr>\n",
       "      <th>2</th>\n",
       "      <td>711.218429</td>\n",
       "      <td>230.459285</td>\n",
       "      <td>0.000000</td>\n",
       "      <td>800.859247</td>\n",
       "      <td>205.431474</td>\n",
       "      <td>280.467736</td>\n",
       "      <td>382.153544</td>\n",
       "      <td>166.209334</td>\n",
       "      <td>428.198798</td>\n",
       "      <td>117.533030</td>\n",
       "      <td>322.263281</td>\n",
       "      <td>102.187766</td>\n",
       "      <td>450.301150</td>\n",
       "      <td>602.608417</td>\n",
       "      <td>680.199108</td>\n",
       "      <td>581.253671</td>\n",
       "      <td>549.368317</td>\n",
       "      <td>620.835581</td>\n",
       "    </tr>\n",
       "    <tr>\n",
       "      <th>3</th>\n",
       "      <td>742.268579</td>\n",
       "      <td>816.895990</td>\n",
       "      <td>800.859247</td>\n",
       "      <td>0.000000</td>\n",
       "      <td>922.365372</td>\n",
       "      <td>525.166365</td>\n",
       "      <td>1059.760467</td>\n",
       "      <td>679.290707</td>\n",
       "      <td>1205.171808</td>\n",
       "      <td>894.879743</td>\n",
       "      <td>1083.283462</td>\n",
       "      <td>698.700816</td>\n",
       "      <td>350.906305</td>\n",
       "      <td>198.324664</td>\n",
       "      <td>263.233962</td>\n",
       "      <td>291.243375</td>\n",
       "      <td>487.812691</td>\n",
       "      <td>611.349610</td>\n",
       "    </tr>\n",
       "    <tr>\n",
       "      <th>4</th>\n",
       "      <td>640.923618</td>\n",
       "      <td>132.307154</td>\n",
       "      <td>205.431474</td>\n",
       "      <td>922.365372</td>\n",
       "      <td>0.000000</td>\n",
       "      <td>405.005883</td>\n",
       "      <td>177.231848</td>\n",
       "      <td>245.061573</td>\n",
       "      <td>287.515421</td>\n",
       "      <td>103.302763</td>\n",
       "      <td>163.016339</td>\n",
       "      <td>273.493275</td>\n",
       "      <td>585.777980</td>\n",
       "      <td>727.665054</td>\n",
       "      <td>751.140158</td>\n",
       "      <td>662.890375</td>\n",
       "      <td>565.184220</td>\n",
       "      <td>588.829360</td>\n",
       "    </tr>\n",
       "    <tr>\n",
       "      <th>5</th>\n",
       "      <td>572.573763</td>\n",
       "      <td>321.315006</td>\n",
       "      <td>280.467736</td>\n",
       "      <td>525.166365</td>\n",
       "      <td>405.005883</td>\n",
       "      <td>0.000000</td>\n",
       "      <td>560.717080</td>\n",
       "      <td>160.405703</td>\n",
       "      <td>681.934687</td>\n",
       "      <td>369.723309</td>\n",
       "      <td>562.011929</td>\n",
       "      <td>180.629157</td>\n",
       "      <td>180.875755</td>\n",
       "      <td>327.339256</td>\n",
       "      <td>406.515437</td>\n",
       "      <td>305.492225</td>\n",
       "      <td>330.048651</td>\n",
       "      <td>446.206223</td>\n",
       "    </tr>\n",
       "    <tr>\n",
       "      <th>6</th>\n",
       "      <td>647.779719</td>\n",
       "      <td>243.673933</td>\n",
       "      <td>382.153544</td>\n",
       "      <td>1059.760467</td>\n",
       "      <td>177.231848</td>\n",
       "      <td>560.717080</td>\n",
       "      <td>0.000000</td>\n",
       "      <td>401.896864</td>\n",
       "      <td>233.895467</td>\n",
       "      <td>272.246943</td>\n",
       "      <td>150.961183</td>\n",
       "      <td>448.135556</td>\n",
       "      <td>738.324347</td>\n",
       "      <td>871.116292</td>\n",
       "      <td>862.026788</td>\n",
       "      <td>784.007249</td>\n",
       "      <td>649.637227</td>\n",
       "      <td>634.425146</td>\n",
       "    </tr>\n",
       "    <tr>\n",
       "      <th>7</th>\n",
       "      <td>557.628353</td>\n",
       "      <td>168.867628</td>\n",
       "      <td>166.209334</td>\n",
       "      <td>679.290707</td>\n",
       "      <td>245.061573</td>\n",
       "      <td>160.405703</td>\n",
       "      <td>401.896864</td>\n",
       "      <td>0.000000</td>\n",
       "      <td>525.957400</td>\n",
       "      <td>222.465475</td>\n",
       "      <td>404.151854</td>\n",
       "      <td>109.874316</td>\n",
       "      <td>340.858891</td>\n",
       "      <td>483.338517</td>\n",
       "      <td>527.736747</td>\n",
       "      <td>432.597087</td>\n",
       "      <td>383.303369</td>\n",
       "      <td>458.229602</td>\n",
       "    </tr>\n",
       "    <tr>\n",
       "      <th>8</th>\n",
       "      <td>877.622654</td>\n",
       "      <td>412.725620</td>\n",
       "      <td>428.198798</td>\n",
       "      <td>1205.171808</td>\n",
       "      <td>287.515421</td>\n",
       "      <td>681.934687</td>\n",
       "      <td>233.895467</td>\n",
       "      <td>525.957400</td>\n",
       "      <td>0.000000</td>\n",
       "      <td>316.563005</td>\n",
       "      <td>124.705721</td>\n",
       "      <td>524.096193</td>\n",
       "      <td>861.996502</td>\n",
       "      <td>1008.564967</td>\n",
       "      <td>1038.533550</td>\n",
       "      <td>950.264966</td>\n",
       "      <td>846.358294</td>\n",
       "      <td>851.927825</td>\n",
       "    </tr>\n",
       "    <tr>\n",
       "      <th>9</th>\n",
       "      <td>704.772589</td>\n",
       "      <td>189.058684</td>\n",
       "      <td>117.533030</td>\n",
       "      <td>894.879743</td>\n",
       "      <td>103.302763</td>\n",
       "      <td>369.723309</td>\n",
       "      <td>272.246943</td>\n",
       "      <td>222.465475</td>\n",
       "      <td>316.563005</td>\n",
       "      <td>0.000000</td>\n",
       "      <td>205.554511</td>\n",
       "      <td>207.789490</td>\n",
       "      <td>547.896999</td>\n",
       "      <td>697.011142</td>\n",
       "      <td>749.759121</td>\n",
       "      <td>655.062560</td>\n",
       "      <td>588.721636</td>\n",
       "      <td>635.143585</td>\n",
       "    </tr>\n",
       "    <tr>\n",
       "      <th>10</th>\n",
       "      <td>767.888304</td>\n",
       "      <td>288.603501</td>\n",
       "      <td>322.263281</td>\n",
       "      <td>1083.283462</td>\n",
       "      <td>163.016339</td>\n",
       "      <td>562.011929</td>\n",
       "      <td>150.961183</td>\n",
       "      <td>404.151854</td>\n",
       "      <td>124.705721</td>\n",
       "      <td>205.554511</td>\n",
       "      <td>0.000000</td>\n",
       "      <td>412.032108</td>\n",
       "      <td>742.707249</td>\n",
       "      <td>887.454429</td>\n",
       "      <td>913.852148</td>\n",
       "      <td>825.905506</td>\n",
       "      <td>722.850480</td>\n",
       "      <td>733.614352</td>\n",
       "    </tr>\n",
       "    <tr>\n",
       "      <th>11</th>\n",
       "      <td>665.735780</td>\n",
       "      <td>247.327023</td>\n",
       "      <td>102.187766</td>\n",
       "      <td>698.700816</td>\n",
       "      <td>273.493275</td>\n",
       "      <td>180.629157</td>\n",
       "      <td>448.135556</td>\n",
       "      <td>109.874316</td>\n",
       "      <td>524.096193</td>\n",
       "      <td>207.789490</td>\n",
       "      <td>412.032108</td>\n",
       "      <td>0.000000</td>\n",
       "      <td>348.114276</td>\n",
       "      <td>500.476706</td>\n",
       "      <td>584.906932</td>\n",
       "      <td>484.723496</td>\n",
       "      <td>473.132265</td>\n",
       "      <td>561.108941</td>\n",
       "    </tr>\n",
       "    <tr>\n",
       "      <th>12</th>\n",
       "      <td>623.026648</td>\n",
       "      <td>496.059303</td>\n",
       "      <td>450.301150</td>\n",
       "      <td>350.906305</td>\n",
       "      <td>585.777980</td>\n",
       "      <td>180.875755</td>\n",
       "      <td>738.324347</td>\n",
       "      <td>340.858891</td>\n",
       "      <td>861.996502</td>\n",
       "      <td>547.896999</td>\n",
       "      <td>742.707249</td>\n",
       "      <td>348.114276</td>\n",
       "      <td>0.000000</td>\n",
       "      <td>153.323374</td>\n",
       "      <td>298.126080</td>\n",
       "      <td>204.245611</td>\n",
       "      <td>340.639690</td>\n",
       "      <td>482.082336</td>\n",
       "    </tr>\n",
       "    <tr>\n",
       "      <th>13</th>\n",
       "      <td>644.204898</td>\n",
       "      <td>627.452326</td>\n",
       "      <td>602.608417</td>\n",
       "      <td>198.324664</td>\n",
       "      <td>727.665054</td>\n",
       "      <td>327.339256</td>\n",
       "      <td>871.116292</td>\n",
       "      <td>483.338517</td>\n",
       "      <td>1008.564967</td>\n",
       "      <td>697.011142</td>\n",
       "      <td>887.454429</td>\n",
       "      <td>500.476706</td>\n",
       "      <td>153.323374</td>\n",
       "      <td>0.000000</td>\n",
       "      <td>212.772723</td>\n",
       "      <td>162.856856</td>\n",
       "      <td>362.397305</td>\n",
       "      <td>502.994193</td>\n",
       "    </tr>\n",
       "    <tr>\n",
       "      <th>14</th>\n",
       "      <td>479.077647</td>\n",
       "      <td>629.170199</td>\n",
       "      <td>680.199108</td>\n",
       "      <td>263.233962</td>\n",
       "      <td>751.140158</td>\n",
       "      <td>406.515437</td>\n",
       "      <td>862.026788</td>\n",
       "      <td>527.736747</td>\n",
       "      <td>1038.533550</td>\n",
       "      <td>749.759121</td>\n",
       "      <td>913.852148</td>\n",
       "      <td>584.906932</td>\n",
       "      <td>298.126080</td>\n",
       "      <td>212.772723</td>\n",
       "      <td>0.000000</td>\n",
       "      <td>101.660329</td>\n",
       "      <td>235.974114</td>\n",
       "      <td>349.206922</td>\n",
       "    </tr>\n",
       "    <tr>\n",
       "      <th>15</th>\n",
       "      <td>482.231520</td>\n",
       "      <td>545.689072</td>\n",
       "      <td>581.253671</td>\n",
       "      <td>291.243375</td>\n",
       "      <td>662.890375</td>\n",
       "      <td>305.492225</td>\n",
       "      <td>784.007249</td>\n",
       "      <td>432.597087</td>\n",
       "      <td>950.264966</td>\n",
       "      <td>655.062560</td>\n",
       "      <td>825.905506</td>\n",
       "      <td>484.723496</td>\n",
       "      <td>204.245611</td>\n",
       "      <td>162.856856</td>\n",
       "      <td>101.660329</td>\n",
       "      <td>0.000000</td>\n",
       "      <td>204.755000</td>\n",
       "      <td>341.937557</td>\n",
       "    </tr>\n",
       "    <tr>\n",
       "      <th>16</th>\n",
       "      <td>285.842059</td>\n",
       "      <td>434.529594</td>\n",
       "      <td>549.368317</td>\n",
       "      <td>487.812691</td>\n",
       "      <td>565.184220</td>\n",
       "      <td>330.048651</td>\n",
       "      <td>649.637227</td>\n",
       "      <td>383.303369</td>\n",
       "      <td>846.358294</td>\n",
       "      <td>588.721636</td>\n",
       "      <td>722.850480</td>\n",
       "      <td>473.132265</td>\n",
       "      <td>340.639690</td>\n",
       "      <td>362.397305</td>\n",
       "      <td>235.974114</td>\n",
       "      <td>204.755000</td>\n",
       "      <td>0.000000</td>\n",
       "      <td>143.453294</td>\n",
       "    </tr>\n",
       "    <tr>\n",
       "      <th>17</th>\n",
       "      <td>142.406810</td>\n",
       "      <td>457.507691</td>\n",
       "      <td>620.835581</td>\n",
       "      <td>611.349610</td>\n",
       "      <td>588.829360</td>\n",
       "      <td>446.206223</td>\n",
       "      <td>634.425146</td>\n",
       "      <td>458.229602</td>\n",
       "      <td>851.927825</td>\n",
       "      <td>635.143585</td>\n",
       "      <td>733.614352</td>\n",
       "      <td>561.108941</td>\n",
       "      <td>482.082336</td>\n",
       "      <td>502.994193</td>\n",
       "      <td>349.206922</td>\n",
       "      <td>341.937557</td>\n",
       "      <td>143.453294</td>\n",
       "      <td>0.000000</td>\n",
       "    </tr>\n",
       "  </tbody>\n",
       "</table>\n",
       "</div>"
      ],
      "text/plain": [
       "         Awdal      Bakool     Banadir         Bari         Bay   Galgaduud  \\\n",
       "0     0.000000  517.218397  711.218429   742.268579  640.923618  572.573763   \n",
       "1   517.218397    0.000000  230.459285   816.895990  132.307154  321.315006   \n",
       "2   711.218429  230.459285    0.000000   800.859247  205.431474  280.467736   \n",
       "3   742.268579  816.895990  800.859247     0.000000  922.365372  525.166365   \n",
       "4   640.923618  132.307154  205.431474   922.365372    0.000000  405.005883   \n",
       "5   572.573763  321.315006  280.467736   525.166365  405.005883    0.000000   \n",
       "6   647.779719  243.673933  382.153544  1059.760467  177.231848  560.717080   \n",
       "7   557.628353  168.867628  166.209334   679.290707  245.061573  160.405703   \n",
       "8   877.622654  412.725620  428.198798  1205.171808  287.515421  681.934687   \n",
       "9   704.772589  189.058684  117.533030   894.879743  103.302763  369.723309   \n",
       "10  767.888304  288.603501  322.263281  1083.283462  163.016339  562.011929   \n",
       "11  665.735780  247.327023  102.187766   698.700816  273.493275  180.629157   \n",
       "12  623.026648  496.059303  450.301150   350.906305  585.777980  180.875755   \n",
       "13  644.204898  627.452326  602.608417   198.324664  727.665054  327.339256   \n",
       "14  479.077647  629.170199  680.199108   263.233962  751.140158  406.515437   \n",
       "15  482.231520  545.689072  581.253671   291.243375  662.890375  305.492225   \n",
       "16  285.842059  434.529594  549.368317   487.812691  565.184220  330.048651   \n",
       "17  142.406810  457.507691  620.835581   611.349610  588.829360  446.206223   \n",
       "\n",
       "           Gedo      Hiraan   Lower Juba  Lower Shabelle  Middle Juba  \\\n",
       "0    647.779719  557.628353   877.622654      704.772589   767.888304   \n",
       "1    243.673933  168.867628   412.725620      189.058684   288.603501   \n",
       "2    382.153544  166.209334   428.198798      117.533030   322.263281   \n",
       "3   1059.760467  679.290707  1205.171808      894.879743  1083.283462   \n",
       "4    177.231848  245.061573   287.515421      103.302763   163.016339   \n",
       "5    560.717080  160.405703   681.934687      369.723309   562.011929   \n",
       "6      0.000000  401.896864   233.895467      272.246943   150.961183   \n",
       "7    401.896864    0.000000   525.957400      222.465475   404.151854   \n",
       "8    233.895467  525.957400     0.000000      316.563005   124.705721   \n",
       "9    272.246943  222.465475   316.563005        0.000000   205.554511   \n",
       "10   150.961183  404.151854   124.705721      205.554511     0.000000   \n",
       "11   448.135556  109.874316   524.096193      207.789490   412.032108   \n",
       "12   738.324347  340.858891   861.996502      547.896999   742.707249   \n",
       "13   871.116292  483.338517  1008.564967      697.011142   887.454429   \n",
       "14   862.026788  527.736747  1038.533550      749.759121   913.852148   \n",
       "15   784.007249  432.597087   950.264966      655.062560   825.905506   \n",
       "16   649.637227  383.303369   846.358294      588.721636   722.850480   \n",
       "17   634.425146  458.229602   851.927825      635.143585   733.614352   \n",
       "\n",
       "    Middle Shabelle       Mudug       Nugaal       Sanaag        Sool  \\\n",
       "0        665.735780  623.026648   644.204898   479.077647  482.231520   \n",
       "1        247.327023  496.059303   627.452326   629.170199  545.689072   \n",
       "2        102.187766  450.301150   602.608417   680.199108  581.253671   \n",
       "3        698.700816  350.906305   198.324664   263.233962  291.243375   \n",
       "4        273.493275  585.777980   727.665054   751.140158  662.890375   \n",
       "5        180.629157  180.875755   327.339256   406.515437  305.492225   \n",
       "6        448.135556  738.324347   871.116292   862.026788  784.007249   \n",
       "7        109.874316  340.858891   483.338517   527.736747  432.597087   \n",
       "8        524.096193  861.996502  1008.564967  1038.533550  950.264966   \n",
       "9        207.789490  547.896999   697.011142   749.759121  655.062560   \n",
       "10       412.032108  742.707249   887.454429   913.852148  825.905506   \n",
       "11         0.000000  348.114276   500.476706   584.906932  484.723496   \n",
       "12       348.114276    0.000000   153.323374   298.126080  204.245611   \n",
       "13       500.476706  153.323374     0.000000   212.772723  162.856856   \n",
       "14       584.906932  298.126080   212.772723     0.000000  101.660329   \n",
       "15       484.723496  204.245611   162.856856   101.660329    0.000000   \n",
       "16       473.132265  340.639690   362.397305   235.974114  204.755000   \n",
       "17       561.108941  482.082336   502.994193   349.206922  341.937557   \n",
       "\n",
       "      Togdheer  Woqooyi Galbeed  \n",
       "0   285.842059       142.406810  \n",
       "1   434.529594       457.507691  \n",
       "2   549.368317       620.835581  \n",
       "3   487.812691       611.349610  \n",
       "4   565.184220       588.829360  \n",
       "5   330.048651       446.206223  \n",
       "6   649.637227       634.425146  \n",
       "7   383.303369       458.229602  \n",
       "8   846.358294       851.927825  \n",
       "9   588.721636       635.143585  \n",
       "10  722.850480       733.614352  \n",
       "11  473.132265       561.108941  \n",
       "12  340.639690       482.082336  \n",
       "13  362.397305       502.994193  \n",
       "14  235.974114       349.206922  \n",
       "15  204.755000       341.937557  \n",
       "16    0.000000       143.453294  \n",
       "17  143.453294         0.000000  "
      ]
     },
     "execution_count": 50,
     "metadata": {},
     "output_type": "execute_result"
    }
   ],
   "source": [
    "dist = pd.read_csv(\"/home/sara/Documenti/GitHub/Climate-and-conflict/csv/dist_som.csv\")\n",
    "dist\n",
    "#square all the values in the dataframe\n",
    "dist_2 = dist**2\n",
    "dist_2.to_csv(\"/home/sara/Documenti/GitHub/Climate-and-conflict/csv/dist_som_2.csv\")\n",
    "dist"
   ]
  },
  {
   "cell_type": "markdown",
   "id": "a741300f",
   "metadata": {},
   "source": [
    "### Displacements : UNHCR"
   ]
  },
  {
   "cell_type": "code",
   "execution_count": 51,
   "id": "03a611bd",
   "metadata": {},
   "outputs": [],
   "source": [
    "df_disp = pd.read_excel(r\"/home/sara/Documenti/GitHub/Climate-and-conflict/displacements/UNHCR-PRMN-Displacement-Dataset - Somalia.xlsx\")"
   ]
  },
  {
   "cell_type": "markdown",
   "id": "06c68dd5",
   "metadata": {},
   "source": [
    "### Population density Data"
   ]
  },
  {
   "cell_type": "code",
   "execution_count": 52,
   "id": "7501af42",
   "metadata": {},
   "outputs": [],
   "source": [
    "asc = r\"/home/sara/Documenti/GitHub/Climate-and-conflict/Datasets/gpw_v4_admin_unit_center_points_population_estimates_rev11_som.csv\"\n",
    "population_density = pd.read_csv(asc)"
   ]
  },
  {
   "cell_type": "markdown",
   "id": "510d21c6",
   "metadata": {},
   "source": [
    "# Data manipulation"
   ]
  },
  {
   "cell_type": "markdown",
   "id": "81a83aa8",
   "metadata": {},
   "source": [
    "## Climate data manipulation"
   ]
  },
  {
   "cell_type": "code",
   "execution_count": 53,
   "id": "e4ad81c1",
   "metadata": {},
   "outputs": [],
   "source": [
    "#Limit the lat-lon and time\n",
    "\n",
    "def get_aoi(shp, world=True):\n",
    "    lon_lat = {}\n",
    "    # Get lat min, max\n",
    "    aoi_lat = [float(shp.total_bounds[1]), float(shp.total_bounds[3])]\n",
    "    aoi_lon = [float(shp.total_bounds[0]), float(shp.total_bounds[2])]\n",
    "\n",
    "    lon_lat[\"lon\"] = aoi_lon\n",
    "    lon_lat[\"lat\"] = aoi_lat\n",
    "    return lon_lat\n",
    "\n",
    "bounds = get_aoi(states_gdf)"
   ]
  },
  {
   "cell_type": "code",
   "execution_count": 54,
   "id": "e765a268",
   "metadata": {},
   "outputs": [],
   "source": [
    "start_date = '1901-01-01'\n",
    "end_date = '2022-12-31'\n",
    "\n",
    "region = monthly_forecast[[\"pre\",'tmx']].sel(\n",
    "    time=slice(start_date, end_date),\n",
    "    lon=slice(bounds[\"lon\"][0], bounds[\"lon\"][1]),\n",
    "    lat=slice(bounds[\"lat\"][0], bounds[\"lat\"][1]))"
   ]
  },
  {
   "cell_type": "code",
   "execution_count": 55,
   "id": "1382c9f6",
   "metadata": {},
   "outputs": [],
   "source": [
    "region_mask = regionmask.mask_3D_geopandas(states_gdf,\n",
    "                                         monthly_forecast.lon,\n",
    "                                         monthly_forecast.lat)\n",
    "\n",
    "temp_pre = region.where(region_mask)\n",
    "temp_pre = temp_pre.groupby(\"time\").mean([\"lat\", \"lon\"]).to_dataframe().reset_index()"
   ]
  },
  {
   "cell_type": "code",
   "execution_count": 56,
   "id": "74921595",
   "metadata": {},
   "outputs": [],
   "source": [
    "replacement_dict = {0  :  'Awdal',\n",
    "                    1  :  'Bakool',\n",
    "                    2  :  'Banadir',\n",
    "                    3  :  'Bari',\n",
    "                    4  :  'Bay',\n",
    "                    5  :  'Galgaduud',\n",
    "                    6  :  'Gedo',\n",
    "                    7  :  'Hiraan',\n",
    "                    8  :  'Lower_Juba',\n",
    "                    9  :  'Lower_Shabelle',\n",
    "                    10 :  'Middle_Juba',\n",
    "                    11 :  'Middle_Shabelle',\n",
    "                    12 :  'Mudug',\n",
    "                    13 :  'Nugaal',\n",
    "                    14 :  'Sanaag',\n",
    "                    15 :  'Sool',\n",
    "                    16 :  'Togdheer',\n",
    "                    17 :  'Woqooyi_Galbeed'}\n",
    "\n",
    "temp_pre['admin1'] = temp_pre['region'].replace(replacement_dict)\n",
    "df['admin1'] = df['admin1'].str.replace(' ', '_')\n",
    "temp_pre.drop('region', axis=1, inplace=True)"
   ]
  },
  {
   "cell_type": "code",
   "execution_count": 57,
   "id": "ea8c3582",
   "metadata": {},
   "outputs": [],
   "source": [
    "# Add Banadir region with tmx and pre as mean of the neighbouring regions\n",
    "district1 = 'Lower_Shabelle'  \n",
    "district2 = 'Middle_Shabelle'  \n",
    "\n",
    "# Calculate the mean tmx and pre for the neighboring districts\n",
    "mean_t = temp_pre[(temp_pre['admin1']==district1) | (temp_pre['admin1']==district2)].groupby('time')['tmx'].mean()\n",
    "mean_p = temp_pre[(temp_pre['admin1']==district1) | (temp_pre['admin1']==district2)].groupby('time')['pre'].mean()\n",
    "new_data = pd.DataFrame({ 'admin1': 'Banadir', 'tmx': mean_t, 'pre': mean_p}).reset_index()\n",
    "\n",
    "# Append the new DataFrame to the original DataFrame\n",
    "temp_pre_m = pd.concat([temp_pre, new_data])\n",
    "temp_pre = temp_pre_m.sort_values(by=['time', 'admin1'], ascending=[True, True]).reset_index(drop=True)"
   ]
  },
  {
   "cell_type": "code",
   "execution_count": 58,
   "id": "3ed5068b",
   "metadata": {},
   "outputs": [],
   "source": [
    "# Only keep month and year in time column \n",
    "temp_pre['time'] = pd.to_datetime(temp_pre['time']).dt.strftime('%Y-%m-%d')\n",
    "temp_pre['month'] = temp_pre['time'].str[5:7]\n",
    "temp_pre['month_year'] = temp_pre['time'].str[:7]\n",
    "temp_pre = temp_pre[['month_year','admin1','tmx','pre']]\n",
    "temp_pre = temp_pre.rename(columns={'month_year':'time'})"
   ]
  },
  {
   "cell_type": "markdown",
   "id": "43c5a90e",
   "metadata": {},
   "source": [
    "## Conflict data manipulation"
   ]
  },
  {
   "cell_type": "code",
   "execution_count": 59,
   "id": "f50e3f13",
   "metadata": {},
   "outputs": [],
   "source": [
    "# Modify event_date column to datetime\n",
    "\n",
    "df['event_date'] = pd.to_datetime(df['event_date'])\n",
    "df = df.set_index('event_date') \n",
    "\n",
    "conflict = df.groupby([pd.Grouper(freq='M'),\"admin1\"]).count()\n",
    "conflict.reset_index(level=[0, 1], inplace=True)\n",
    "conflict = conflict[['event_date','admin1','year']].rename(columns={'year': 'conflicts','event_date': 'time'})\n",
    "\n",
    "# Aggregate the datetime objects by month\n",
    "conf = conflict.groupby([pd.Grouper(key='time', freq='M'),'admin1'])['conflicts'].sum().to_frame()"
   ]
  },
  {
   "cell_type": "code",
   "execution_count": 60,
   "id": "ee086f40",
   "metadata": {},
   "outputs": [],
   "source": [
    "# Reindex the DataFrame with all dates and districts and fill missing values with 0\n",
    "\n",
    "dates = conf.index.get_level_values('time').unique()\n",
    "districts = conf.index.get_level_values('admin1').unique()\n",
    "all_combinations = pd.MultiIndex.from_product([dates, districts], names=['time', 'admin1'])\n",
    "\n",
    "conflicts = conf.reindex(all_combinations, fill_value=0).reset_index()    \n",
    "conflicts = conflicts.sort_values(by=['time', 'admin1'], ascending=[True, True])\n",
    "conflicts.reset_index(drop=True, inplace=True)\n",
    "conflicts['time'] = conflicts['time'].dt.strftime('%Y-%m').values\n",
    "\n",
    "# Merge the two DataFrames temp_pre and conflicts\n",
    "df_2016 = pd.merge(temp_pre, conflicts, on=['time','admin1'], how='outer')"
   ]
  },
  {
   "cell_type": "markdown",
   "id": "5333c906",
   "metadata": {},
   "source": [
    "## Displacements data manipulation"
   ]
  },
  {
   "cell_type": "code",
   "execution_count": 61,
   "id": "591662b7",
   "metadata": {},
   "outputs": [],
   "source": [
    "df_disp = df_disp[(df_disp['Reason']=='Drought related')]\n",
    "df_disp['Current (Arrival) Region'] = df_disp['Current (Arrival) Region'].str.replace(' ', '_')\n",
    "df_disp['Previous (Departure) Region'] = df_disp['Previous (Departure) Region'].str.replace(' ', '_')"
   ]
  },
  {
   "cell_type": "code",
   "execution_count": 62,
   "id": "3f1dea00",
   "metadata": {},
   "outputs": [],
   "source": [
    "v= df_disp[\"Month End\"]\n",
    "v=v.values\n",
    "dt = [datetime.strptime(v[i], \"%d/%m/%Y\") for i in range(len(v))]\n",
    "q=[]\n",
    "\n",
    "for i in range(len(dt)):\n",
    "    q.append(datetime.timestamp(dt[i]))\n",
    "    \n",
    "df_disp.insert(loc=3, column='date_timestamp', value=q)\n",
    "df_disp = df_disp.sort_values(\"date_timestamp\")\n",
    "\n",
    "df_disp['Month End'] = pd.to_datetime(df_disp['Month End'], dayfirst=True)"
   ]
  },
  {
   "cell_type": "code",
   "execution_count": 63,
   "id": "6a27a286",
   "metadata": {},
   "outputs": [],
   "source": [
    "aggregated_data = df_disp.groupby([pd.Grouper(key='Month End', freq='M'),'Previous (Departure) Region', 'Current (Arrival) Region'])['Number of Individuals'].sum().to_frame()\n",
    "\n",
    "# Get the unique values of 'Month End' and 'Previous (Departure) Region' \n",
    "dates = aggregated_data.index.get_level_values('Month End').unique()\n",
    "districts = aggregated_data.index.get_level_values('Previous (Departure) Region').unique()\n",
    "\n",
    "all_combinations = pd.MultiIndex.from_product([dates, districts, districts], names=['time', 'Previous (Departure) Region','Current (Arrival) Region'])\n",
    "\n",
    "# Reindex the aggregated_data DataFrame with 'all_combinations'\n",
    "disp_data = aggregated_data.reindex(all_combinations, fill_value=0).reset_index()   "
   ]
  },
  {
   "cell_type": "code",
   "execution_count": 64,
   "id": "c83a5f66",
   "metadata": {},
   "outputs": [
    {
     "data": {
      "text/html": [
       "<div>\n",
       "<style scoped>\n",
       "    .dataframe tbody tr th:only-of-type {\n",
       "        vertical-align: middle;\n",
       "    }\n",
       "\n",
       "    .dataframe tbody tr th {\n",
       "        vertical-align: top;\n",
       "    }\n",
       "\n",
       "    .dataframe thead th {\n",
       "        text-align: right;\n",
       "    }\n",
       "</style>\n",
       "<table border=\"1\" class=\"dataframe\">\n",
       "  <thead>\n",
       "    <tr style=\"text-align: right;\">\n",
       "      <th></th>\n",
       "      <th>time</th>\n",
       "      <th>Previous (Departure) Region</th>\n",
       "      <th>Current (Arrival) Region</th>\n",
       "      <th>Number of Individuals</th>\n",
       "    </tr>\n",
       "  </thead>\n",
       "  <tbody>\n",
       "    <tr>\n",
       "      <th>0</th>\n",
       "      <td>2016-01-31</td>\n",
       "      <td>Bakool</td>\n",
       "      <td>Bakool</td>\n",
       "      <td>0</td>\n",
       "    </tr>\n",
       "    <tr>\n",
       "      <th>1</th>\n",
       "      <td>2016-01-31</td>\n",
       "      <td>Bakool</td>\n",
       "      <td>Banadir</td>\n",
       "      <td>0</td>\n",
       "    </tr>\n",
       "    <tr>\n",
       "      <th>2</th>\n",
       "      <td>2016-01-31</td>\n",
       "      <td>Bakool</td>\n",
       "      <td>Bari</td>\n",
       "      <td>0</td>\n",
       "    </tr>\n",
       "    <tr>\n",
       "      <th>3</th>\n",
       "      <td>2016-01-31</td>\n",
       "      <td>Bakool</td>\n",
       "      <td>Bay</td>\n",
       "      <td>14</td>\n",
       "    </tr>\n",
       "    <tr>\n",
       "      <th>4</th>\n",
       "      <td>2016-01-31</td>\n",
       "      <td>Bakool</td>\n",
       "      <td>Galgaduud</td>\n",
       "      <td>0</td>\n",
       "    </tr>\n",
       "    <tr>\n",
       "      <th>...</th>\n",
       "      <td>...</td>\n",
       "      <td>...</td>\n",
       "      <td>...</td>\n",
       "      <td>...</td>\n",
       "    </tr>\n",
       "    <tr>\n",
       "      <th>29803</th>\n",
       "      <td>2023-08-31</td>\n",
       "      <td>Awdal</td>\n",
       "      <td>Sanaag</td>\n",
       "      <td>0</td>\n",
       "    </tr>\n",
       "    <tr>\n",
       "      <th>29804</th>\n",
       "      <td>2023-08-31</td>\n",
       "      <td>Awdal</td>\n",
       "      <td>Sool</td>\n",
       "      <td>0</td>\n",
       "    </tr>\n",
       "    <tr>\n",
       "      <th>29805</th>\n",
       "      <td>2023-08-31</td>\n",
       "      <td>Awdal</td>\n",
       "      <td>Togdheer</td>\n",
       "      <td>0</td>\n",
       "    </tr>\n",
       "    <tr>\n",
       "      <th>29806</th>\n",
       "      <td>2023-08-31</td>\n",
       "      <td>Awdal</td>\n",
       "      <td>Woqooyi_Galbeed</td>\n",
       "      <td>0</td>\n",
       "    </tr>\n",
       "    <tr>\n",
       "      <th>29807</th>\n",
       "      <td>2023-08-31</td>\n",
       "      <td>Awdal</td>\n",
       "      <td>Awdal</td>\n",
       "      <td>815</td>\n",
       "    </tr>\n",
       "  </tbody>\n",
       "</table>\n",
       "<p>29808 rows × 4 columns</p>\n",
       "</div>"
      ],
      "text/plain": [
       "            time Previous (Departure) Region Current (Arrival) Region  \\\n",
       "0     2016-01-31                      Bakool                   Bakool   \n",
       "1     2016-01-31                      Bakool                  Banadir   \n",
       "2     2016-01-31                      Bakool                     Bari   \n",
       "3     2016-01-31                      Bakool                      Bay   \n",
       "4     2016-01-31                      Bakool                Galgaduud   \n",
       "...          ...                         ...                      ...   \n",
       "29803 2023-08-31                       Awdal                   Sanaag   \n",
       "29804 2023-08-31                       Awdal                     Sool   \n",
       "29805 2023-08-31                       Awdal                 Togdheer   \n",
       "29806 2023-08-31                       Awdal          Woqooyi_Galbeed   \n",
       "29807 2023-08-31                       Awdal                    Awdal   \n",
       "\n",
       "       Number of Individuals  \n",
       "0                          0  \n",
       "1                          0  \n",
       "2                          0  \n",
       "3                         14  \n",
       "4                          0  \n",
       "...                      ...  \n",
       "29803                      0  \n",
       "29804                      0  \n",
       "29805                      0  \n",
       "29806                      0  \n",
       "29807                    815  \n",
       "\n",
       "[29808 rows x 4 columns]"
      ]
     },
     "execution_count": 64,
     "metadata": {},
     "output_type": "execute_result"
    }
   ],
   "source": [
    "disp_data"
   ]
  },
  {
   "cell_type": "code",
   "execution_count": 65,
   "id": "05e82204",
   "metadata": {},
   "outputs": [],
   "source": [
    "disp_matxs = disp_data.pivot_table(index=['time','Current (Arrival) Region'], columns='Previous (Departure) Region', values='Number of Individuals', aggfunc='sum').reset_index()\n",
    "disp_matxs = disp_matxs.rename(columns={'Current (Arrival) Region': 'admin1'})\n",
    "\n",
    "#remove the day from the date\n",
    "disp_matxs['time'] = disp_matxs['time'].map(lambda x: x.strftime('%Y-%m'))\n",
    "#disp_matxs = disp_matxs.drop(columns=['time'])\n",
    "#temp_pre_c['yr_mth'] = pd.to_datetime(temp_pre_c['time'], format='%Y-%m', dayfirst=True).map(lambda x: x.strftime('%Y-%m'))\n",
    "\n",
    "#df_2016 = df_2016.rename(columns={'time': 'yr_mth'})\n",
    "df_merged_d = pd.merge(df_2016, disp_matxs, on=['time', 'admin1'], how='outer')"
   ]
  },
  {
   "cell_type": "code",
   "execution_count": 66,
   "id": "b23194da",
   "metadata": {},
   "outputs": [
    {
     "data": {
      "text/html": [
       "<div>\n",
       "<style scoped>\n",
       "    .dataframe tbody tr th:only-of-type {\n",
       "        vertical-align: middle;\n",
       "    }\n",
       "\n",
       "    .dataframe tbody tr th {\n",
       "        vertical-align: top;\n",
       "    }\n",
       "\n",
       "    .dataframe thead th {\n",
       "        text-align: right;\n",
       "    }\n",
       "</style>\n",
       "<table border=\"1\" class=\"dataframe\">\n",
       "  <thead>\n",
       "    <tr style=\"text-align: right;\">\n",
       "      <th></th>\n",
       "      <th>time</th>\n",
       "      <th>admin1</th>\n",
       "      <th>tmx</th>\n",
       "      <th>pre</th>\n",
